122.6500
124.1600
121.7400
122.9800
127.2600
127.2300
124.1600
120.7000
122.6700
124.9100
124.1500
124.9200
126.5200
121.8500
123.0000
125.3100
124.1300
124.7400
122.7600
120.8100
120.6800
118.3900
117.9200
115.3200
115.1000
118.4400
118.7700
123.6600
123.6400
123.5300
124.8800
124.9200
125.3800
122.6300
124.7100
122.8900
121.7400
120.4400
120.8800
121.0600
119.7700
123.3900
123.6300
124.7200
125.8400
125.9400
124.2900
125.5700
124.9500
126.9400
127.1400
127.4800
127.1500
127.4600
128.5700
128.6400
128.9400
128.2800
128.7800
130.2000
130.8900
131.3700
131.0400
130.8900
131.9800
131.3000
131.2400
130.8000
130.7500
131.8900
132.1000
133.9500
133.8600
134.2000
134.6000
134.7700
133.7700
134.7700
134.6000
133.9700
135.4600
135.8100
135.8700
135.4400
136.0300
136.3300
136.5600
136.9600
136.4200
137.1300
136.7100
136.1500
134.1600
135.1000
136.4400
136.9700
136.9800
139.4500
139.3000
140.1100
140.3000
140.8500
140.4400
140.2100
139.2000
139.6500
141.6100
141.1700
140.4700
140.2300
140.8100
141.8400
141.2600
139.8600
139.7900
138.2200
135.9000
137.0000
138.7900
137.1400