0.0444893658333000 0.1141871057681000
0.2345261095196000 0.2660652168976000
0.5768846293019000 0.4187931373249000
1.0724487538171000 0.5725328465002000
1.7224087764486000 0.7276487883633000
2.5283367064142000 0.8845367192487000
3.4922132731788000 1.0436188766197000
4.6164567648930000 1.2053492481081000
5.9039585938111000 1.3702210553041000
7.3581258301655000 1.5387788147144000
8.9829461168470000 1.7116159213600000
10.783003146803600 1.8894782945321000
12.763697712765900 2.0729804056155000
14.931357631636200 2.2632775021190000
17.291412913397600 2.4622080891736000
19.858561841932800 2.6600371671956000
22.626967697343600 2.8909061043914000
25.629521248797600 3.1234518967478000
28.872571410844500 3.3644878358716000
32.319252899616000 3.6696710449560000
36.137067419593000 4.1865635776791000
40.125620663671500 4.1695184579524000
44.482947393763900 4.4522620049656000
49.307643788639200 4.9941286739102000
54.218825068837400 5.8800145547842000
59.999249525901300 5.3378512777908000
65.903349536851300 6.8223509416717000
72.721579978700600 6.8572755701418000
80.176183883276000 8.0511980131012000
88.737715168333800 9.1847074488707000
98.829265900649900 11.1657838130735000
111.75141024841300 15.3899831151891000