0.425026371151209 0.381988736733794 0.377552275672555 0.366866626240313 
0.421258779078722 0.378532715022564 0.374784914948046 0.364023542039096 
0.416729669868946 0.375415708079934 0.371648823529482 0.36148169465363 
0.413565482378006 0.371903121843934 0.368489830739796 0.359745677627623 
0.409366897672415 0.368603127360344 0.365297584414482 0.357244512759149 
0.407040714174509 0.366048525959253 0.362726225912571 0.354504075109959 
0.402504753172398 0.363538126066327 0.359429675944149 0.352031136646867 
0.398557152599096 0.360449457243085 0.357697308242321 0.349563057743013 
0.395854269474745 0.356213746249676 0.353929325170815 0.34734434311837 
0.391673484534025 0.353057639405131 0.351365581840277 0.345613911792636 
0.386831576108932 0.347070848613977 0.346791917361319 0.342140611648559 
0.384432033747435 0.346381945580244 0.345288544751704 0.340132291734219 
0.379562643676996 0.348663890331984 0.343654336422682 0.338103770203888 
0.376893274754286 0.341644899368286 0.339376118250191 0.335072243094444 
0.373214383602142 0.338647538125515 0.336848421305418 0.333234547704458 
0.370834949761629 0.335383776217699 0.334176631912589 0.330875985763967 
0.365778922826052 0.336128983110189 0.331353246614337 0.328481321580708 
0.361150835007429 0.330121785894036 0.328999581471085 0.326046607926488 
0.358664826005697 0.327028611272573 0.325850345037877 0.324301095210016 
0.356830556511879 0.324733707696199 0.325384944491088 0.32177620973438 
0.354903117537498 0.327940867841244 0.320928095623851 0.32067606882751 
0.353965390175581 0.319843352630734 0.32078391008079 0.317803380414843 
0.353315065711737 0.317895767897367 0.318542443037033 0.316112328276038 
0.355411416262388 0.314437251240015 0.316449816286564 0.31537287465483 
0.355133397340774 0.312689522862434 0.314177516177297 0.313587871037424 
0.355991286426783 0.320008354216814 0.310008275017142 0.311750585265458 
0.376061005413532 0.310395810902119 0.30940844528377 0.308572638332844 
