4.13 11.42 30.96 44.96 
4.83 12.51 32.44 46.54 
5.62 13.69 33.99 48.16 
6.51 14.96 35.59 49.83 
7.51 16.31 37.25 51.55 
8.63 17.76 38.96 53.31 
9.88 19.3 40.74 55.12 
11.25 20.95 42.57 56.96 
12.77 22.69 44.45 58.85 
14.44 24.55 46.41 60.79 
16.26 26.51 48.42 62.77 
18.24 28.59 50.51 64.81 
20.39 30.77 52.66 66.9 
22.71 33.08 54.88 69.04 
25.2 35.5 57.17 71.24 
27.87 38.04 59.53 73.49 
30.71 40.7 61.96 75.8 
33.73 43.47 64.46 78.15 
36.92 46.37 67.03 80.56 
40.27 49.39 69.67 83.02 
43.79 52.53 72.37 85.53 
47.46 55.78 75.15 88.09 
51.29 59.16 78 90.71 
55.25 62.64 80.93 93.38 
59.35 66.24 83.92 96.12 
63.57 69.94 87 98.91 
67.89 73.76 90.15 101.77 
