5.7500 11.6500 31.7000 45.1500
6.5000 12.6500 33.1000 46.6000
7.3000 13.7500 34.5000 48.1500
8.2500 14.9000 35.9500 49.9000
9.2500 16.1500 37.4500 51.5500
10.4500 17.5500 39.1000 53.2000
11.6500 19.0500 40.7000 54.9500
13.0000 20.6000 42.6000 56.7500
14.5500 22.1500 44.2500 58.6500
16.1500 23.9000 46.1500 60.7000
17.8500 25.5000 47.8000 62.4500
19.8500 27.7000 50.0000 64.5500
21.8500 30.3000 52.2500 66.7000
24.1500 32.1500 54.1500 68.7000
26.5500 34.5000 56.4000 71.0000
29.2000 36.9500 58.7000 73.2500
31.8500 39.9000 61.0500 75.5500
34.7000 42.3500 63.5500 77.9000
37.8500 45.2000 66.0000 80.4500
41.2000 48.2500 68.9500 82.9000
44.7000 51.9000 71.3500 85.7000
48.4000 54.7000 74.5000 88.2000
52.2500 58.1500 77.4000 91.0000
56.3500 61.6000 80.4000 94.0500
60.4500 65.3000 83.4500 96.9500
64.7000 69.7500 86.3000 99.9000
69.7500 73.1000 89.7500 102.6500