0.4232 0.3817 0.3779 0.3673
0.4195 0.3782 0.3751 0.3644
0.4150 0.3751 0.3719 0.3619
0.4118 0.3715 0.3688 0.3601
0.4076 0.3682 0.3655 0.3576
0.4052 0.3656 0.3630 0.3549
0.4007 0.3631 0.3597 0.3524
0.3967 0.3600 0.3579 0.3499
0.3940 0.3557 0.3541 0.3477
0.3898 0.3526 0.3516 0.3459
0.3850 0.3466 0.3470 0.3425
0.3825 0.3459 0.3455 0.3405
0.3777 0.3482 0.3438 0.3384
0.3750 0.3411 0.3396 0.3354
0.3714 0.3382 0.3370 0.3335
0.3690 0.3349 0.3344 0.3312
0.3640 0.3357 0.3315 0.3288
0.3594 0.3297 0.3292 0.3264
0.3570 0.3266 0.3260 0.3246
0.3552 0.3243 0.3256 0.3221
0.3533 0.3276 0.3211 0.3210
0.3524 0.3195 0.3210 0.3181
0.3518 0.3176 0.3188 0.3164
0.3539 0.3142 0.3167 0.3157
0.3536 0.3124 0.3144 0.3139
0.3545 0.3198 0.3103 0.3121
0.3745 0.3102 0.3097 0.3089