0.408262971367516 0.406927222618818 0.382458671932129 0.365065109806964 
0.40431855805986 0.402687257810003 0.382315512460963 0.363981722311075 
0.40028684462869 0.398307920947967 0.384775988595274 0.368250226783837 
0.396191043594964 0.393888015226521 0.388042644884759 0.375696851541337 
0.392051456884792 0.389508016437268 0.390132598996204 0.383326837872708 
0.387881793935095 0.385215135333008 0.389418146273771 0.387770434501423 
0.383687991081863 0.381019100307025 0.385211678914866 0.386514542413602 
0.379469052025447 0.376897100474823 0.377987760188 0.379202381283357 
0.375219163515163 0.372804900049636 0.369051771708571 0.367710368641559 
0.370930308327954 0.368690621497057 0.359920342780704 0.354890897926155 
0.366594720192341 0.364507832993777 0.351819056233609 0.343219400834719 
0.362206731254327 0.360225242502609 0.34546405959968 0.334204460924754 
0.357763793256884 0.355831402989841 0.341054254954277 0.328420104388383 
0.353266662963517 0.351334165587002 0.338349702581849 0.325724014722763 
0.348718899239459 0.346755851928051 0.336771601694252 0.325427189727211 
0.344125909086989 0.342125932520283 0.335523517027215 0.326400623552846 
0.339493804681253 0.337473234897067 0.333757390865183 0.327219008292351 
0.3348283072342 0.332819420531066 0.330782246839268 0.32645316384292 
0.330133876290178 0.328174868302288 0.32625690186429 0.323105271402034 
0.325413174278165 0.323537414474794 0.320275287459666 0.316978248269622 
0.320666910667856 0.31889378830972 0.3132952607888 0.308709179213734 
0.315894056883817 0.314223125788515 0.305953738843191 0.299431328139097 
0.311092386184029 0.309501661664941 0.298866235359177 0.290314075763379 
0.306259272721135 0.304707593041331 0.292486629471377 0.282241410854886 
0.301392680142106 0.299825173642699 0.287045231600315 0.275697011079687 
0.29649228106925 0.294847323462758 0.282544895709585 0.270781754513578 
0.291560673420699 0.289776382390208 0.278789928444043 0.267275884579716 
