0.408858412705975 0.407325559503586 0.402013482365679 0.396782783910284 
0.40475065319736 0.403219944283381 0.397915264915342 0.392691799468079 
0.400619606949953 0.399090916252705 0.39379319004001 0.388576507713561 
0.396464374993719 0.394937570104827 0.389646329859966 0.384435957568996 
0.392284018225401 0.390758959933185 0.385473714220056 0.380269153937564 
0.388077554621044 0.386554096401343 0.38127432770542 0.376075054556363 
0.38384395620157 0.382321943661217 0.377047106387984 0.371852566561464 
0.379582145724029 0.378061415991531 0.372790934273318 0.367600542732022 
0.375290993067438 0.373771374124706 0.368504639413268 0.363317777375861 
0.370969311277922 0.369450621225983 0.364186989645017 0.359003001813698 
0.366615852232933 0.365097898483598 0.359836687911604 0.354654879412973 
0.362229301878612 0.360711880262854 0.355452367112428 0.350272000115005 
0.357808274987663 0.356291168770116 0.351032584424598 0.345852874390741 
0.353351309377294 0.351834288164633 0.346575815027031 0.341395926550339 
0.348856859517553 0.347339678046622 0.342080445148581 0.336899487320025 
0.344323289449535 0.342805686238812 0.337544764348944 0.332361785585594 
0.339748864920065 0.338230560765377 0.332966956926186 0.327780939185251 
0.335131744624172 0.333612440916329 0.328345092326942 0.323154944614419 
0.330469970428389 0.328949347266595 0.323677114414003 0.318481665481105 
0.325761456426049 0.324239170496266 0.318960829420355 0.313758819521354 
0.32100397664933 0.319479658831205 0.314193892387698 0.308983963949045 
0.316195151230952 0.314668403890067 0.30937379184971 0.30415447887125 
0.31133243076956 0.309802824683461 0.304497832474248 0.299267548447646 
0.306413078605432 0.304880149461654 0.299563115322014 0.294320139407338 
0.301434150654798 0.299897395046476 0.294566515309212 0.289308976455711 
0.296392472378955 0.294851343207912 0.289504655374689 0.284230514003023 
0.291284612374607 0.289738513552175 0.284373876743081 0.279080903519573 
