0.408262730077828 0.406927136215604 0.382458811674377 0.365065294502249 
0.404318070151665 0.402687138130733 0.382315350200942 0.363982201987565 
0.400286714700495 0.39830832434451 0.384776063007449 0.368250174890049 
0.396190842974774 0.393887891971497 0.388042990836608 0.375696793188044 
0.392051497873314 0.38950783146545 0.390132575348523 0.383326588222393 
0.387881921357114 0.38521514917808 0.389418085548914 0.387770876066413 
0.383688244646521 0.381019319632693 0.385211742807196 0.386514561647818 
0.379469351577202 0.376897050652944 0.377987652290038 0.379201812844817 
0.375219460607601 0.372805063703494 0.369051482094886 0.367710547230299 
0.370930806794553 0.368690760787771 0.359920404674426 0.354890511280771 
0.366595306915671 0.364507931320718 0.35181906218843 0.343219682783588 
0.36220727773271 0.360225573025925 0.345463984382134 0.33420468522919 
0.357764451120241 0.355831503701505 0.341054363768138 0.328420287239479 
0.353267235190831 0.351334276863295 0.338349730506394 0.325724111388132 
0.348719559988983 0.346755991196997 0.336771781918332 0.325427034087258 
0.344126459792646 0.342126012319737 0.335523513408818 0.326400648684456 
0.339494338917368 0.337473441371043 0.333757614660461 0.327219434185144 
0.334828734849848 0.332819559500789 0.33078217287287 0.326452936119024 
0.330134238741229 0.328174977989918 0.326257000680113 0.323105242758187 
0.32541338212083 0.323537500819638 0.320275368188104 0.316978315395013 
0.320667086867124 0.318893921374764 0.313295303502078 0.308709256981834 
0.315894114323479 0.314223142777713 0.305953647440479 0.299431362697394 
0.311092332288924 0.309501661117799 0.298866236967921 0.290314254683677 
0.306259065655932 0.304707576915806 0.292486522044374 0.282241366929262 
0.301392096337014 0.299825068761803 0.287045293521827 0.275697175277 
0.296491753332561 0.294847311863533 0.282544832870795 0.270781896443685 
0.291560135147583 0.289776262489951 0.278789974206373 0.26727577144593 
