0.3760 0.3754 0.3733 0.3680
0.3761 0.3736 0.3710 0.3656
0.3758 0.3719 0.3686 0.3633
0.3752 0.3702 0.3662 0.3609
0.3742 0.3685 0.3639 0.3585
0.3730 0.3668 0.3615 0.3561
0.3715 0.3650 0.3592 0.3536
0.3699 0.3632 0.3568 0.3511
0.3681 0.3614 0.3544 0.3485
0.3661 0.3596 0.3520 0.3460
0.3641 0.3577 0.3496 0.3434
0.3619 0.3557 0.3473 0.3408
0.3597 0.3538 0.3449 0.3383
0.3574 0.3517 0.3427 0.3358
0.3551 0.3496 0.3404 0.3333
0.3527 0.3475 0.3381 0.3308
0.3503 0.3453 0.3359 0.3284
0.3479 0.3431 0.3336 0.3259
0.3454 0.3408 0.3313 0.3235
0.3428 0.3385 0.3290 0.3210
0.3402 0.3361 0.3267 0.3185
0.3375 0.3337 0.3243 0.3160
0.3348 0.3312 0.3219 0.3135
0.3319 0.3286 0.3195 0.3110
0.3289 0.3261 0.3171 0.3085
0.3257 0.3234 0.3147 0.3060
0.3223 0.3207 0.3122 0.3035