-0.997263842227200 0.007018656211366
-0.985611565945326 0.016274457861273
-0.964762183642793 0.025391999718716
-0.934906143963810 0.034273954881481
-0.896321102723786 0.042835737247181
-0.849367650477353 0.050998093145656
-0.794483772465709 0.058684077021503
-0.732182132831878 0.065822231951220
-0.663044259041669 0.072345793408642
-0.587715761261225 0.078193895703089
-0.506899907162407 0.083311924397160
-0.421351276748407 0.087652092952313
-0.331868602131515 0.091173878705827
-0.239287362272792 0.093844399079823
-0.144471961581857 0.095638720079301
-0.048307665687740 0.096540088514728
0.048307665687740 0.096540088514728
0.144471961581845 0.095638720079302
0.239287362273150 0.093844399079809
0.331868602129068 0.091173878706146
0.421351276752784 0.087652092951813
0.506899907176565 0.083311924387496
0.587715761191727 0.078193895690305
0.663044259050195 0.072345793500510
0.732182133591632 0.065822224247526
0.794483769187401 0.058684065130572
0.849367658928749 0.050998174754064
0.896321086744430 0.042835861102588
0.934906167306978 0.034274007090782
0.964762157774486 0.025392075482155
0.985611585606777 0.016274326503352
0.997263835181931 0.007018669615712