-1.000000000000000 0.002016129032258
-0.992608936602716 0.012397790674869
-0.975294686244616 0.022200268552019
-0.948284834934322 0.031774796459564
-0.911849955082572 0.041034519086133
-0.866352454000550 0.049885215508516
-0.812244750285498 0.058240530055024
-0.750064482841333 0.066016874995418
-0.680429760706874 0.073137141615958
-0.604032585280482 0.079530525779800
-0.521632263453922 0.085133497938890
-0.434047717046225 0.089890372959645
-0.342149406575980 0.093753875546625
-0.246850658844378 0.096685608948012
-0.149098596813913 0.098656436540762
-0.049864725046594 0.099646771501277
0.049864725046594 0.099646771501277
0.149098596813918 0.098656436540762
0.246850658844245 0.096685608948013
0.342149406577092 0.093753875546908
0.434047717039490 0.089890372959331
0.521632263490079 0.085133497931616
0.604032585124185 0.079530525888791
0.680429761213935 0.073137139382284
0.750064481612340 0.066016879906414
0.812244752542276 0.058240519432251
0.866352450831435 0.049885145732018
0.911849958472910 0.041034525398606
0.948284832246619 0.031774668586980
0.975294687690727 0.022200143314702
0.992608936214125 0.012397746968412
1.000000000000000 0.002016129032258